Version 0.9.7
6
 4 10 175 77 128 0 1
 5 80 400 206 81 2 2
 0 110 110 877 276 8 3
 1 130 458 206 81 142 4
 1 310 637 206 81 152 5
 3 109 16 203 58 172 6
 0
30
 255 5 71 189 71 189 71 137 71 137 163 137 163 137 0 1 0 3
 16711680 5 71 288 71 288 71 358 71 358 163 358 163 358 0 1 0 3
 16711680 5 397 319 397 319 397 319 397 358 397 358 397 358 0 3 0 3
 255 5 306 176 306 176 306 176 306 137 306 137 306 137 0 3 0 3
 255 5 410 176 410 176 410 176 410 137 410 137 410 137 0 3 0 3
 255 5 71 202 71 175 7 175 7 469 145 469 145 469 0 1 0 4
 16711680 5 71 275 71 275 71 527 71 527 145 527 145 527 0 1 0 4
 16711680 5 71 262 71 262 71 706 71 706 325 706 325 706 0 1 0 5
 255 5 71 215 71 205 24 205 24 648 325 648 325 648 0 1 0 5
 10485760 5 120 53 120 53 58 53 58 249 71 249 71 249 0 6 0 1
 16711680 5 306 319 306 319 306 319 306 358 306 358 306 358 0 3 0 3
 65535 5 499 648 499 648 499 435 371 435 371 280 371 280 0 5 0 3
 65535 5 358 280 358 280 358 447 480 447 480 648 480 648 0 3 0 5
 65535 5 345 280 345 280 345 459 461 459 461 648 461 648 0 3 0 5
 65535 5 332 280 332 280 332 470 442 470 442 648 442 648 0 3 0 5
 16776960 5 224 469 224 469 224 208 332 208 332 202 332 202 0 4 0 3
 16776960 5 205 469 205 469 205 272 319 272 319 280 319 280 0 4 0 3
 16711680 5 319 215 319 215 324 215 324 358 319 358 319 358 0 3 0 3
 33023 5 423 648 423 648 417 648 417 221 384 221 384 215 0 5 0 3
 33023 5 404 648 404 648 404 227 371 227 371 215 371 215 0 5 0 3
 33023 5 385 648 390 648 390 234 358 234 358 215 358 215 0 5 0 3
 33023 5 366 648 366 648 366 243 345 243 345 215 345 215 0 5 0 3
 16711680 5 501 319 501 319 501 319 501 358 501 358 501 358 0 3 0 3
 16711680 5 410 319 410 319 410 319 410 358 410 358 410 358 0 3 0 3
 255 5 462 280 462 280 462 280 475 280 475 280 475 280 0 3 0 3
 8421631 5 436 280 436 280 436 280 449 280 449 280 449 280 0 3 0 3
 255 5 384 319 384 319 384 331 462 331 462 319 462 319 0 3 0 3
 8421631 5 397 215 397 215 397 208 436 208 436 293 436 293 0 3 0 3
 16776960 5 186 469 186 469 186 284 423 284 423 280 423 280 0 4 0 3
 65280 5 488 280 488 280 488 60 488 60 295 60 295 60 0 3 0 6
2
 7153 1 16 300 228 5 0 0 0 3
 7153 1 16 404 228 5 0 0 0 3
