Version 0.9.7
5
 4 10 175 77 128 0 1
 5 1029 37 206 81 2 2
 0 199 338 877 276 8 3
 3 191 166 203 58 140 4
 1 159 650 206 81 159 6
 1
59
 255 5 71 189 71 189 71 48 71 48 1044 48 1044 48 0 1 0 2
 0 5 71 249 71 249 71 106 71 106 1044 106 1044 106 0 1 0 2
 255 5 71 202 71 197 13 197 13 365 252 365 252 365 0 1 0 3
 0 5 71 288 71 288 71 288 71 586 252 586 252 586 0 1 0 3
 255 5 71 215 71 198 13 198 13 661 174 661 174 661 0 1 0 6
 0 5 71 275 71 275 71 719 71 719 174 719 174 719 0 1 0 6
 8453888 5 215 661 215 661 226 661 226 661 226 547 226 547 0 6 0 3
 16777088 5 234 661 234 661 239 661 239 661 239 547 239 547 0 6 0 3
 16744448 5 253 661 253 661 252 661 252 661 252 547 252 547 0 6 0 3
 12615935 5 272 661 272 661 265 661 265 661 265 547 265 547 0 6 0 3
 8421631 5 1088 74 1088 74 1088 599 1088 599 1019 599 1019 599 0 2 0 3
 8421631 5 408 547 408 547 408 547 408 599 408 599 408 599 0 3 0 3
 8421631 5 499 547 499 547 499 547 499 599 499 599 499 599 0 3 0 3
 8421631 5 590 547 590 547 590 547 590 599 590 599 590 599 0 3 0 3
 8421631 5 681 547 681 547 681 547 681 599 681 599 681 599 0 3 0 3
 0 5 460 547 460 547 460 547 460 586 460 586 460 586 0 3 0 3
 0 5 551 547 551 547 551 547 551 586 551 586 551 586 0 3 0 3
 0 5 642 547 642 547 642 547 642 586 642 586 642 586 0 3 0 3
 0 5 733 547 733 547 733 547 733 586 733 586 733 586 0 3 0 3
 255 5 382 404 382 404 382 404 382 365 382 365 382 365 0 3 0 3
 255 5 473 404 473 404 473 404 473 365 473 365 473 365 0 3 0 3
 255 5 564 404 564 404 564 404 564 365 564 365 564 365 0 3 0 3
 255 5 655 404 655 404 655 404 655 365 655 365 655 365 0 3 0 3
 255 5 746 404 746 404 746 404 746 365 746 365 746 365 0 3 0 3
 255 5 837 404 837 404 837 404 837 365 837 365 837 365 0 3 0 3
 0 5 915 547 915 547 915 547 915 586 915 586 915 586 0 3 0 3
 0 5 202 203 202 203 71 203 71 203 71 262 71 262 0 4 0 1
 8453888 5 226 495 226 495 226 513 395 513 395 508 395 508 0 3 0 3
 16777088 5 239 495 239 495 239 507 486 507 486 508 486 508 0 3 0 3
 16744448 5 252 495 252 495 252 501 577 501 577 508 577 508 0 3 0 3
 12615935 5 265 495 265 495 668 495 668 495 668 508 668 508 0 3 0 3
 8453888 5 408 443 408 443 434 443 434 443 434 521 434 521 0 3 0 3
 16777088 5 499 443 499 443 525 443 525 443 525 521 525 521 0 3 0 3
 16744448 5 590 443 590 443 616 443 616 443 616 521 616 521 0 3 0 3
 12615935 5 681 443 681 443 707 443 707 443 707 521 707 521 0 3 0 3
 16744448 5 277 210 277 210 277 237 629 237 629 443 629 443 0 4 0 3
 12615935 5 720 443 720 443 720 247 297 247 297 210 297 210 0 3 0 4
 16777088 5 538 443 538 443 538 229 257 229 257 210 257 210 0 3 0 4
 8453888 5 447 443 447 443 447 219 237 219 237 210 237 210 0 3 0 4
 8421376 5 395 534 395 534 395 663 746 663 746 534 746 534 0 3 0 3
 8421376 5 434 534 434 534 434 640 759 640 759 534 759 534 0 3 0 3
 8404992 5 486 521 486 521 486 614 785 614 785 521 785 521 0 3 0 3
 8404992 5 525 534 525 534 525 625 798 625 798 521 798 521 0 3 0 3
 16744576 5 577 521 577 521 577 316 759 316 759 443 759 443 0 3 0 3
 16744576 5 616 534 616 534 616 329 772 329 772 443 772 443 0 3 0 3
 4194432 5 668 521 668 521 668 299 798 299 798 443 798 443 0 3 0 3
 4194432 5 707 534 707 534 707 280 811 280 811 443 811 443 0 3 0 3
 8388863 5 772 508 772 508 772 515 837 515 837 508 837 508 0 3 0 3
 8388863 5 811 521 811 521 850 521 850 521 850 508 850 508 0 3 0 3
 8388863 5 785 443 785 443 785 428 850 428 850 443 850 443 0 3 0 3
 8388863 5 824 443 824 443 824 435 863 435 863 443 863 443 0 3 0 3
 8388863 5 876 443 876 443 876 443 889 443 889 443 889 443 0 3 0 3
 8388863 5 863 508 863 508 902 508 902 508 902 443 902 443 0 3 0 3
 8388863 5 915 443 915 443 915 443 915 352 915 352 915 352 0 3 0 3
 8388863 5 421 404 421 404 421 404 421 352 421 352 421 352 0 3 0 3
 8388863 5 512 404 512 404 512 404 512 352 512 352 512 352 0 3 0 3
 8388863 5 603 404 603 404 603 404 603 352 603 352 603 352 0 3 0 3
 8388863 5 694 404 694 404 694 404 694 352 694 352 694 352 0 3 0 3
 0 5 824 547 824 547 824 547 824 586 824 586 824 586 0 3 0 3
6
 7074 1 14 376 456 5 0 0 0 3
 7074 1 14 467 456 5 0 0 0 3
 7074 1 14 558 456 5 0 0 0 3
 7074 1 14 649 456 5 0 0 0 3
 7086 1 14 740 456 5 0 0 0 3
 7032 1 14 831 456 5 0 0 0 3
